201 95
413 571
209 261
227 137
694 767
14 752
842 618
585 622
738 309
824 366
147 619
748 897
734 801
931 956
757 747
249 137
229 642
402 611
583 76
910 470
539 771
194 367
896 483
664 829
757 163
601 946
813 98
9 703
821 212
932 63
305 485
643 428
428 621
76 493
166 914
622 290
380 393
521 235
10 665
642 355
859 267
599 390
465 294
512 229
588 876
883 534
892 725
714 420
383 815
48 540
154 893
599 935
629 931
618 618
958 212
268 709
585 374
310 164
438 2
295 155
577 149
571 276
815 586
243 255
310 928
2 333
335 655
873 954
870 490
450 547
86 413
672 526
725 404
532 21
201 885
818 992
75 484
166 206
952 790
138 127
161 162
481 459
419 640
6 640
331 955
210 268
497 609
834 865
867 423
701 438
974 979
495 458
610 842
952 771
25 208
329 801
403 191
844 475
283 763
918 718
162 386
566 855
835 282
784 427
664 958
9 251
643 964
117 579
537 79
479 827
372 104
996 183
693 649
564 46
509 408
410 760
466 116
902 514
704 456
435 757
184 398
557 548
900 146
128 360
621 504
916 851
444 971
321 554
778 527
826 943
448 853
837 552
800 464
402 832
679 323
906 203
39 549
721 881
633 783
362 445
459 255
942 249
587 617
904 992
786 248
636 309
566 246
620 675
609 1000
58 203
303 313
363 319
763 159
231 302
627 666
166 624
166 523
117 681
397 446
251 910
537 142
521 594
200 654
442 322
756 880
388 992
379 354
947 901
852 963
938 372
833 616
42 144
917 918
160 10
675 254
65 485
151 537
256 627
418 550
829 781
422 121
486 532
304 368
19 84
26 644
621 607
714 776
915 112
282 617
629 950
494 626
525 935
735 624
121 432
257 840
659 245
441 766
914 818
576 743
135 531
490 954
150 157
590 25
850 89
449 311
371 401
154 843
426 804
335 887
558 689
146 313
516 62
646 263
70 593
53 794
833 787
112 315
42 106
887 22
432 883
100 712
458 975
813 237
429 272
388 29
271 951
910 405
976 905
407 857
384 298
571 118
693 6
214 547
506 690
224 644
247 482
632 427
579 329
324 853
876 417
537 893
208 792
654 935
922 754
73 104
855 967
42 963
744 497
813 408
976 501
799 149
267 727
101 882
69 692
846 260
884 699
465 631
843 230
461 684
364 429
653 863
826 957
302 220
817 115
558 90
177 102
120 3
386 604
214 675
22 187
100 355
987 467
667 74
692 100
250 846
298 223
164 328
509 616
916 640
765 79
821 88
353 319
669 661
967 354
809 711
35 583
421 379
655 138
612 487
858 829
303 741
984 453
779 127
83 136
119 976
549 926
272 995
588 182
225 319
338 30
787 177
369 73
435 914
104 147
2 318
847 257
862 416
522 836
974 770
981 556
252 804
364 730
962 928
991 123
234 729
472 332
418 96
453 738
29 649
474 377
520 248
269 661
59 349
183 434
998 6
991 199
639 732
458 181
256 207
89 833
798 662
215 560
605 523
598 722
879 199
934 401
666 161
25 188
909 556
542 841
416 39
519 814
747 252
529 960
141 85
125 121
105 926
54 901
61 228
444 600
655 296
936 592
819 59
122 584
372 868
126 303
114 557
136 869
667 331
790 255
891 947
93 108
660 719
513 728
768 841
872 393
647 759
850 233
651 101
101 980
139 207
329 820
24 533
168 310
132 553
245 104
973 222
979 855
652 87
225 931
802 152
834 210
602 803
801 199
157 510
27 911
958 459
14 968
973 780
145 763
310 597
877 808
733 401
233 172
401 118
470 536
372 234
158 27
208 3
908 781
309 221
838 125
897 789
608 9
343 354
460 669
77 450
73 774
327 469
360 450
173 978
421 199
284 163
549 512
247 277
262 915
163 314
395 969
755 597
905 774
738 865
564 441
506 202
822 567
248 588
446 793
789 789
562 589
191 790
577 649
137 109
686 595
509 986
984 97
181 466
23 544
907 888
365 281
734 114
300 776
336 800
846 711
275 716
547 588
542 511
209 197
600 152
799 575
299 529
697 176
19 623
515 170
380 474
353 415
618 923
602 760
592 149
726 527
478 401
79 611
886 804
159 42
9 595
955 78
446 706
24 819
791 983
228 729
307 906
316 43
188 177
709 916
775 447
229 620
546 225
462 783
23 156
437 279
922 451
881 897
408 874
362 829
814 934
899 943
88 160
794 254
503 548
31 176
407 674
512 291
518 694
887 474
641 360
33 650
933 771
402 769
831 939
446 752
982 896
59 259
14 340
947 432
308 791
242 766
872 178
580 930
926 819
714 42
767 661
549 833
328 924
832 455
828 718
189 966
314 391
379 975
688 274
753 865
579 73
410 335
136 419
893 801
166 689
996 558
568 774
497 630
803 372
538 806
725 113
856 870
982 624
266 697
547 682
900 818
611 915
698 891
940 497
666 133
123 180
113 912
362 843
409 527
129 171
781 912
307 759
149 476
656 710
309 103
587 619
51 648
700 50
978 105
97 379
639 302
440 591
778 758
877 141
944 102
201 707
918 345
665 939
78 137
685 84
874 684
452 514
867 374
186 855
129 434
570 383
722 163
384 883
685 858
509 320
842 973
343 419
814 360
46 186
891 740
640 351
645 213
373 532
386 113
783 965
201 158
716 894
678 239
670 100
710 891
343 436
747 897
965 574
578 141
555 844
899 680
705 880
748 724
341 823
128 18
53 39
696 484
94 355
307 282
724 128
438 859
576 545
171 633
132 436
980 657
763 463
427 285
363 759
58 488
986 663
226 167
686 506
363 721
957 523
440 616
209 423
651 520
142 913
852 329
820 805
143 322
590 411
614 827
170 69
551 913
541 337
939 518
570 998
30 850
680 27
293 424
264 790
668 479
16 537
576 251
591 538
469 671
70 402
958 195
521 973
211 897
894 241
163 444
747 438
667 66
762 295
995 44
145 723
738 62
459 894
881 522
274 170
942 703
690 685
937 906
275 169
727 468
867 552
996 350
908 818
158 240
649 95
103 523
606 765
326 558
311 839
591 9
777 585
112 63
907 570
404 426
245 825
188 261
476 538
864 635
423 427
413 64
615 60
59 411
85 946
766 201
824 195
934 273
737 35
664 242
725 399
521 700
585 552
957 252
49 84
122 200
459 315
288 357
395 246
391 251
737 703
114 82
745 174
40 146
728 302
339 20
542 188
848 278
753 105
169 222
606 165
382 118
959 928
191 510
649 327
38 777
254 69
598 565
27 314
935 395
995 77
715 269
326 445
486 33
510 56
876 112
773 383
139 116
929 178
383 825
490 767
825 723
922 950
782 944
251 534
439 580
29 404
119 201
954 596
915 981
116 334
902 789
646 656
143 998
663 690
146 645
496 66
795 605
75 770
630 632
620 496
762 57
30 504
987 592
521 217
44 43
820 217
519 31
566 140
102 4
516 692
929 437
275 562
461 849
338 697
971 362
670 728
197 145
644 44
913 332
855 415
779 716
531 266
755 459
946 264
216 63
623 553
161 350
784 741
191 922
116 669
846 274
638 271
40 282
348 824
228 147
769 15
510 301
818 212
549 69
884 971
280 34
120 213
828 758
707 951
462 359
800 535
546 94
32 454
305 352
673 827
844 365
357 578
414 7
861 511
102 336
18 512
413 601
629 987
542 802
966 870
299 167
734 20
598 184
382 424
587 225
891 686
114 365
42 281
244 861
79 999
489 943
872 427
475 986
303 403
770 222
985 347
589 6
6 823
81 101
317 162
782 156
396 306
268 589
939 408
951 698
83 158
24 775
416 806
845 363
375 28
880 45
746 271
551 14
714 604
689 767
110 799
287 547
392 172
235 129
346 880
974 509
987 811
787 633
243 825
879 193
533 566
157 37
182 79
317 385
923 23
577 269
787 42
190 650
669 488
453 667
421 82
828 240
383 602
800 632
840 355
578 846
651 288
559 377
533 317
578 807
148 337
833 499
884 410
242 941
976 753
441 585
594 315
803 285
198 566
434 548
274 841
647 677
273 402
381 560
11 150
63 440
911 8
261 397
532 150
494 151
116 492
35 551
254 806
286 803
925 548
394 205
527 314
204 274
657 949
705 855
922 622
536 158
2 612
958 69
934 630
258 543
846 867
319 517
949 443
326 107
665 23
291 219
341 295
287 797
366 909
698 182
359 374
637 7
369 308
212 190
234 543
520 520
830 622
569 849
932 691
843 341
981 63
466 482
265 96
804 952
678 612
728 106
585 487
77 546
579 434
430 503
777 583
554 698
875 150
202 721
714 98
369 873
40 192
150 348
663 623
914 710
321 531
986 783
97 748
525 528
286 16
964 567
548 548
344 51
611 498
899 808
748 62
651 476
95 792
998 162
874 961
236 98
745 81
91 998
85 231
413 481
113 601
429 230
417 484
165 620
324 460
975 982
654 73
280 344
997 727
509 755
677 146
278 319
455 529
865 184
142 464
587 409
92 730
494 332
861 240
648 430
80 178
330 900
529 177
788 449
265 544
219 971
58 616
727 803
269 778
1000 259
